(kicad_pcb (version 4) (host pcbnew 4.0.7)

  (general
    (links 126)
    (no_connects 0)
    (area 109.169999 94.564999 162.610001 120.065001)
    (thickness 1.6)
    (drawings 28)
    (tracks 658)
    (zones 0)
    (modules 55)
    (nets 58)
  )

  (page USLetter)
  (title_block
    (title "Can Breakout")
    (date 2016-10-31)
    (rev 3.0)
    (company "Cedarville Supermileage")
    (comment 1 "Samuel Ellicott")
  )

  (layers
    (0 F.Cu signal)
    (31 B.Cu signal)
    (32 B.Adhes user)
    (33 F.Adhes user)
    (34 B.Paste user)
    (35 F.Paste user)
    (36 B.SilkS user)
    (37 F.SilkS user)
    (38 B.Mask user)
    (39 F.Mask user)
    (40 Dwgs.User user)
    (41 Cmts.User user)
    (42 Eco1.User user)
    (43 Eco2.User user)
    (44 Edge.Cuts user)
    (45 Margin user)
    (46 B.CrtYd user)
    (47 F.CrtYd user)
    (48 B.Fab user hide)
    (49 F.Fab user hide)
  )

  (setup
    (last_trace_width 0.2286)
    (user_trace_width 0.2286)
    (user_trace_width 0.3)
    (trace_clearance 0.1778)
    (zone_clearance 0.2286)
    (zone_45_only no)
    (trace_min 0.1524)
    (segment_width 0.2)
    (edge_width 0.1)
    (via_size 0.6858)
    (via_drill 0.3302)
    (via_min_size 0.6858)
    (via_min_drill 0.3302)
    (uvia_size 0.3)
    (uvia_drill 0.1)
    (uvias_allowed no)
    (uvia_min_size 0)
    (uvia_min_drill 0)
    (pcb_text_width 0.3)
    (pcb_text_size 1.5 1.5)
    (mod_edge_width 0.15)
    (mod_text_size 1 1)
    (mod_text_width 0.15)
    (pad_size 4.318 4.318)
    (pad_drill 3.048)
    (pad_to_mask_clearance 0)
    (aux_axis_origin 0 0)
    (visible_elements FFFFFF7F)
    (pcbplotparams
      (layerselection 0x01030_80000001)
      (usegerberextensions true)
      (excludeedgelayer true)
      (linewidth 0.090000)
      (plotframeref false)
      (viasonmask false)
      (mode 1)
      (useauxorigin false)
      (hpglpennumber 1)
      (hpglpenspeed 20)
      (hpglpendiameter 15)
      (hpglpenoverlay 2)
      (psnegative false)
      (psa4output false)
      (plotreference true)
      (plotvalue true)
      (plotinvisibletext false)
      (padsonsilk false)
      (subtractmaskfromsilk false)
      (outputformat 1)
      (mirror false)
      (drillshape 0)
      (scaleselection 1)
      (outputdirectory gerber/))
  )

  (net 0 "")
  (net 1 VDD)
  (net 2 GND)
  (net 3 "Net-(C3-Pad1)")
  (net 4 +5V)
  (net 5 +3V3)
  (net 6 /NRST)
  (net 7 /Vin)
  (net 8 /SWCLK)
  (net 9 /SWDIO)
  (net 10 /USB_DM)
  (net 11 /USB_DP)
  (net 12 "Net-(P5-Pad4)")
  (net 13 /CAN_L)
  (net 14 /CAN_H)
  (net 15 "Net-(R1-Pad1)")
  (net 16 /LED1)
  (net 17 /LED2)
  (net 18 /CAN_RX)
  (net 19 /CAN_TX)
  (net 20 /io1)
  (net 21 "Net-(U3-Pad2)")
  (net 22 "Net-(U3-Pad3)")
  (net 23 "Net-(U3-Pad4)")
  (net 24 "Net-(U3-Pad5)")
  (net 25 "Net-(U3-Pad6)")
  (net 26 "Net-(U3-Pad10)")
  (net 27 "Net-(U3-Pad11)")
  (net 28 "Net-(U3-Pad12)")
  (net 29 "Net-(U3-Pad13)")
  (net 30 "Net-(U3-Pad14)")
  (net 31 "Net-(U3-Pad15)")
  (net 32 "Net-(U3-Pad16)")
  (net 33 "Net-(U3-Pad19)")
  (net 34 "Net-(U3-Pad21)")
  (net 35 "Net-(U3-Pad22)")
  (net 36 "Net-(U3-Pad29)")
  (net 37 "Net-(U3-Pad38)")
  (net 38 "Net-(U3-Pad41)")
  (net 39 "Net-(U3-Pad42)")
  (net 40 "Net-(P8-Pad2)")
  (net 41 /CAN_EN)
  (net 42 "Net-(D1-Pad2)")
  (net 43 "Net-(D2-Pad2)")
  (net 44 "Net-(J1-Pad1)")
  (net 45 "Net-(J2-Pad1)")
  (net 46 "Net-(J3-Pad1)")
  (net 47 "Net-(J4-Pad1)")
  (net 48 /SPI_MISO)
  (net 49 /SPI_MOSI)
  (net 50 /SPI_SCK)
  (net 51 /SPI_NSS)
  (net 52 /I2C_SDA)
  (net 53 /I2C_SCL)
  (net 54 "Net-(R5-Pad1)")
  (net 55 "Net-(U3-Pad17)")
  (net 56 "Net-(C19-Pad1)")
  (net 57 "Net-(C20-Pad1)")

  (net_class Default "This is the default net class."
    (clearance 0.1778)
    (trace_width 0.2286)
    (via_dia 0.6858)
    (via_drill 0.3302)
    (uvia_dia 0.3)
    (uvia_drill 0.1)
    (add_net /CAN_EN)
    (add_net /CAN_H)
    (add_net /CAN_L)
    (add_net /CAN_RX)
    (add_net /CAN_TX)
    (add_net /I2C_SCL)
    (add_net /I2C_SDA)
    (add_net /LED1)
    (add_net /LED2)
    (add_net /NRST)
    (add_net /SPI_MISO)
    (add_net /SPI_MOSI)
    (add_net /SPI_NSS)
    (add_net /SPI_SCK)
    (add_net /SWCLK)
    (add_net /SWDIO)
    (add_net /USB_DM)
    (add_net /USB_DP)
    (add_net /Vin)
    (add_net /io1)
    (add_net GND)
    (add_net "Net-(C19-Pad1)")
    (add_net "Net-(C20-Pad1)")
    (add_net "Net-(C3-Pad1)")
    (add_net "Net-(D1-Pad2)")
    (add_net "Net-(D2-Pad2)")
    (add_net "Net-(J1-Pad1)")
    (add_net "Net-(J2-Pad1)")
    (add_net "Net-(J3-Pad1)")
    (add_net "Net-(J4-Pad1)")
    (add_net "Net-(P5-Pad4)")
    (add_net "Net-(P8-Pad2)")
    (add_net "Net-(R1-Pad1)")
    (add_net "Net-(R5-Pad1)")
    (add_net "Net-(U3-Pad10)")
    (add_net "Net-(U3-Pad11)")
    (add_net "Net-(U3-Pad12)")
    (add_net "Net-(U3-Pad13)")
    (add_net "Net-(U3-Pad14)")
    (add_net "Net-(U3-Pad15)")
    (add_net "Net-(U3-Pad16)")
    (add_net "Net-(U3-Pad17)")
    (add_net "Net-(U3-Pad19)")
    (add_net "Net-(U3-Pad2)")
    (add_net "Net-(U3-Pad21)")
    (add_net "Net-(U3-Pad22)")
    (add_net "Net-(U3-Pad29)")
    (add_net "Net-(U3-Pad3)")
    (add_net "Net-(U3-Pad38)")
    (add_net "Net-(U3-Pad4)")
    (add_net "Net-(U3-Pad41)")
    (add_net "Net-(U3-Pad42)")
    (add_net "Net-(U3-Pad5)")
    (add_net "Net-(U3-Pad6)")
    (add_net VDD)
  )

  (net_class power ""
    (clearance 0.1778)
    (trace_width 0.381)
    (via_dia 0.6858)
    (via_drill 0.3302)
    (uvia_dia 0.3)
    (uvia_drill 0.1)
    (add_net +3V3)
    (add_net +5V)
  )

  (module Buttons_Switches_SMD:SW_SPST_FSMSM (layer F.Cu) (tedit 57F469B3) (tstamp 57F4C2BE)
    (at 129.032 97.409)
    (descr http://www.te.com/commerce/DocumentDelivery/DDEController?Action=srchrtrv&DocNm=1437566-3&DocType=Customer+Drawing&DocLang=English)
    (tags "SPST button tactile switch")
    (path /57A40FAB)
    (attr smd)
    (fp_text reference SW1 (at 0.01011 -2.60022) (layer F.SilkS) hide
      (effects (font (size 1 1) (thickness 0.15)))
    )
    (fp_text value RESET (at 2.54 2.794) (layer F.SilkS)
      (effects (font (size 1 1) (thickness 0.15)))
    )
    (fp_line (start -1.23989 -0.55022) (end 1.26011 -0.55022) (layer F.SilkS) (width 0.15))
    (fp_line (start 1.26011 -0.55022) (end 1.26011 0.54978) (layer F.SilkS) (width 0.15))
    (fp_line (start 1.26011 0.54978) (end -1.23989 0.54978) (layer F.SilkS) (width 0.15))
    (fp_line (start -1.23989 0.54978) (end -1.23989 -0.55022) (layer F.SilkS) (width 0.15))
    (fp_line (start -1.48989 0.79978) (end 1.51011 0.79978) (layer F.SilkS) (width 0.15))
    (fp_line (start -1.48989 -0.80022) (end 1.51011 -0.80022) (layer F.SilkS) (width 0.15))
    (fp_line (start 1.51011 -0.80022) (end 1.51011 0.79978) (layer F.SilkS) (width 0.15))
    (fp_line (start -1.48989 -0.80022) (end -1.48989 0.79978) (layer F.SilkS) (width 0.15))
    (fp_line (start -5.95 2) (end 5.95 2) (layer F.CrtYd) (width 0.05))
    (fp_line (start 5.95 -2) (end 5.95 2) (layer F.CrtYd) (width 0.05))
    (fp_line (start -2.98989 1.74978) (end 3.01011 1.74978) (layer F.SilkS) (width 0.15))
    (fp_line (start -2.98989 -1.75022) (end 3.01011 -1.75022) (layer F.SilkS) (width 0.15))
    (fp_line (start -2.98989 -1.75022) (end -2.98989 1.74978) (layer F.SilkS) (width 0.15))
    (fp_line (start 3.01011 -1.75022) (end 3.01011 1.74978) (layer F.SilkS) (width 0.15))
    (fp_line (start -5.95 -2) (end -5.95 2) (layer F.CrtYd) (width 0.05))
    (fp_line (start -5.95 -2) (end 5.95 -2) (layer F.CrtYd) (width 0.05))
    (pad 1 smd rect (at -4.60243 -0.00232) (size 2.18 1.6) (layers F.Cu F.Paste F.Mask)
      (net 6 /NRST))
    (pad 2 smd rect (at 4.60243 0.00232) (size 2.18 1.6) (layers F.Cu F.Paste F.Mask)
      (net 2 GND))
    (model Buttons_Switches_SMD.3dshapes/SW_SPST_FSMSM.wrl
      (at (xyz 0 0 0))
      (scale (xyz 1 1 1))
      (rotate (xyz 0 0 0))
    )
  )

  (module Housings_QFP:TQFP-48_7x7mm_Pitch0.5mm (layer B.Cu) (tedit 54130A77) (tstamp 57F4C33F)
    (at 149.066 108.331 270)
    (descr "48 LEAD TQFP 7x7mm (see MICREL TQFP7x7-48LD-PL-1.pdf)")
    (tags "QFP 0.5")
    (path /57AAF7CA)
    (attr smd)
    (fp_text reference U3 (at -4.064 -5.239 360) (layer B.SilkS)
      (effects (font (size 1 1) (thickness 0.15)) (justify mirror))
    )
    (fp_text value STM32F042C6 (at 0 -6 270) (layer B.Fab)
      (effects (font (size 1 1) (thickness 0.15)) (justify mirror))
    )
    (fp_text user %R (at 0 0 270) (layer B.Fab)
      (effects (font (size 1 1) (thickness 0.15)) (justify mirror))
    )
    (fp_line (start -2.5 3.5) (end 3.5 3.5) (layer B.Fab) (width 0.15))
    (fp_line (start 3.5 3.5) (end 3.5 -3.5) (layer B.Fab) (width 0.15))
    (fp_line (start 3.5 -3.5) (end -3.5 -3.5) (layer B.Fab) (width 0.15))
    (fp_line (start -3.5 -3.5) (end -3.5 2.5) (layer B.Fab) (width 0.15))
    (fp_line (start -3.5 2.5) (end -2.5 3.5) (layer B.Fab) (width 0.15))
    (fp_line (start -5.25 5.25) (end -5.25 -5.25) (layer B.CrtYd) (width 0.05))
    (fp_line (start 5.25 5.25) (end 5.25 -5.25) (layer B.CrtYd) (width 0.05))
    (fp_line (start -5.25 5.25) (end 5.25 5.25) (layer B.CrtYd) (width 0.05))
    (fp_line (start -5.25 -5.25) (end 5.25 -5.25) (layer B.CrtYd) (width 0.05))
    (fp_line (start -3.625 3.625) (end -3.625 3.2) (layer B.SilkS) (width 0.15))
    (fp_line (start 3.625 3.625) (end 3.625 3.1) (layer B.SilkS) (width 0.15))
    (fp_line (start 3.625 -3.625) (end 3.625 -3.1) (layer B.SilkS) (width 0.15))
    (fp_line (start -3.625 -3.625) (end -3.625 -3.1) (layer B.SilkS) (width 0.15))
    (fp_line (start -3.625 3.625) (end -3.1 3.625) (layer B.SilkS) (width 0.15))
    (fp_line (start -3.625 -3.625) (end -3.1 -3.625) (layer B.SilkS) (width 0.15))
    (fp_line (start 3.625 -3.625) (end 3.1 -3.625) (layer B.SilkS) (width 0.15))
    (fp_line (start 3.625 3.625) (end 3.1 3.625) (layer B.SilkS) (width 0.15))
    (fp_line (start -3.625 3.2) (end -5 3.2) (layer B.SilkS) (width 0.15))
    (pad 1 smd rect (at -4.35 2.75 270) (size 1.3 0.25) (layers B.Cu B.Paste B.Mask)
      (net 5 +3V3))
    (pad 2 smd rect (at -4.35 2.25 270) (size 1.3 0.25) (layers B.Cu B.Paste B.Mask)
      (net 21 "Net-(U3-Pad2)"))
    (pad 3 smd rect (at -4.35 1.75 270) (size 1.3 0.25) (layers B.Cu B.Paste B.Mask)
      (net 22 "Net-(U3-Pad3)"))
    (pad 4 smd rect (at -4.35 1.25 270) (size 1.3 0.25) (layers B.Cu B.Paste B.Mask)
      (net 23 "Net-(U3-Pad4)"))
    (pad 5 smd rect (at -4.35 0.75 270) (size 1.3 0.25) (layers B.Cu B.Paste B.Mask)
      (net 24 "Net-(U3-Pad5)"))
    (pad 6 smd rect (at -4.35 0.25 270) (size 1.3 0.25) (layers B.Cu B.Paste B.Mask)
      (net 25 "Net-(U3-Pad6)"))
    (pad 7 smd rect (at -4.35 -0.25 270) (size 1.3 0.25) (layers B.Cu B.Paste B.Mask)
      (net 6 /NRST))
    (pad 8 smd rect (at -4.35 -0.75 270) (size 1.3 0.25) (layers B.Cu B.Paste B.Mask)
      (net 2 GND))
    (pad 9 smd rect (at -4.35 -1.25 270) (size 1.3 0.25) (layers B.Cu B.Paste B.Mask)
      (net 5 +3V3))
    (pad 10 smd rect (at -4.35 -1.75 270) (size 1.3 0.25) (layers B.Cu B.Paste B.Mask)
      (net 26 "Net-(U3-Pad10)"))
    (pad 11 smd rect (at -4.35 -2.25 270) (size 1.3 0.25) (layers B.Cu B.Paste B.Mask)
      (net 27 "Net-(U3-Pad11)"))
    (pad 12 smd rect (at -4.35 -2.75 270) (size 1.3 0.25) (layers B.Cu B.Paste B.Mask)
      (net 28 "Net-(U3-Pad12)"))
    (pad 13 smd rect (at -2.75 -4.35 180) (size 1.3 0.25) (layers B.Cu B.Paste B.Mask)
      (net 29 "Net-(U3-Pad13)"))
    (pad 14 smd rect (at -2.25 -4.35 180) (size 1.3 0.25) (layers B.Cu B.Paste B.Mask)
      (net 30 "Net-(U3-Pad14)"))
    (pad 15 smd rect (at -1.75 -4.35 180) (size 1.3 0.25) (layers B.Cu B.Paste B.Mask)
      (net 31 "Net-(U3-Pad15)"))
    (pad 16 smd rect (at -1.25 -4.35 180) (size 1.3 0.25) (layers B.Cu B.Paste B.Mask)
      (net 32 "Net-(U3-Pad16)"))
    (pad 17 smd rect (at -0.75 -4.35 180) (size 1.3 0.25) (layers B.Cu B.Paste B.Mask)
      (net 55 "Net-(U3-Pad17)"))
    (pad 18 smd rect (at -0.25 -4.35 180) (size 1.3 0.25) (layers B.Cu B.Paste B.Mask)
      (net 20 /io1))
    (pad 19 smd rect (at 0.25 -4.35 180) (size 1.3 0.25) (layers B.Cu B.Paste B.Mask)
      (net 33 "Net-(U3-Pad19)"))
    (pad 20 smd rect (at 0.75 -4.35 180) (size 1.3 0.25) (layers B.Cu B.Paste B.Mask)
      (net 2 GND))
    (pad 21 smd rect (at 1.25 -4.35 180) (size 1.3 0.25) (layers B.Cu B.Paste B.Mask)
      (net 34 "Net-(U3-Pad21)"))
    (pad 22 smd rect (at 1.75 -4.35 180) (size 1.3 0.25) (layers B.Cu B.Paste B.Mask)
      (net 35 "Net-(U3-Pad22)"))
    (pad 23 smd rect (at 2.25 -4.35 180) (size 1.3 0.25) (layers B.Cu B.Paste B.Mask)
      (net 2 GND))
    (pad 24 smd rect (at 2.75 -4.35 180) (size 1.3 0.25) (layers B.Cu B.Paste B.Mask)
      (net 5 +3V3))
    (pad 25 smd rect (at 4.35 -2.75 270) (size 1.3 0.25) (layers B.Cu B.Paste B.Mask)
      (net 51 /SPI_NSS))
    (pad 26 smd rect (at 4.35 -2.25 270) (size 1.3 0.25) (layers B.Cu B.Paste B.Mask)
      (net 50 /SPI_SCK))
    (pad 27 smd rect (at 4.35 -1.75 270) (size 1.3 0.25) (layers B.Cu B.Paste B.Mask)
      (net 48 /SPI_MISO))
    (pad 28 smd rect (at 4.35 -1.25 270) (size 1.3 0.25) (layers B.Cu B.Paste B.Mask)
      (net 49 /SPI_MOSI))
    (pad 29 smd rect (at 4.35 -0.75 270) (size 1.3 0.25) (layers B.Cu B.Paste B.Mask)
      (net 36 "Net-(U3-Pad29)"))
    (pad 30 smd rect (at 4.35 -0.25 270) (size 1.3 0.25) (layers B.Cu B.Paste B.Mask)
      (net 52 /I2C_SDA))
    (pad 31 smd rect (at 4.35 0.25 270) (size 1.3 0.25) (layers B.Cu B.Paste B.Mask)
      (net 53 /I2C_SCL))
    (pad 32 smd rect (at 4.35 0.75 270) (size 1.3 0.25) (layers B.Cu B.Paste B.Mask)
      (net 10 /USB_DM))
    (pad 33 smd rect (at 4.35 1.25 270) (size 1.3 0.25) (layers B.Cu B.Paste B.Mask)
      (net 11 /USB_DP))
    (pad 34 smd rect (at 4.35 1.75 270) (size 1.3 0.25) (layers B.Cu B.Paste B.Mask)
      (net 9 /SWDIO))
    (pad 35 smd rect (at 4.35 2.25 270) (size 1.3 0.25) (layers B.Cu B.Paste B.Mask)
      (net 2 GND))
    (pad 36 smd rect (at 4.35 2.75 270) (size 1.3 0.25) (layers B.Cu B.Paste B.Mask)
      (net 5 +3V3))
    (pad 37 smd rect (at 2.75 4.35 180) (size 1.3 0.25) (layers B.Cu B.Paste B.Mask)
      (net 8 /SWCLK))
    (pad 38 smd rect (at 2.25 4.35 180) (size 1.3 0.25) (layers B.Cu B.Paste B.Mask)
      (net 37 "Net-(U3-Pad38)"))
    (pad 39 smd rect (at 1.75 4.35 180) (size 1.3 0.25) (layers B.Cu B.Paste B.Mask)
      (net 17 /LED2))
    (pad 40 smd rect (at 1.25 4.35 180) (size 1.3 0.25) (layers B.Cu B.Paste B.Mask)
      (net 16 /LED1))
    (pad 41 smd rect (at 0.75 4.35 180) (size 1.3 0.25) (layers B.Cu B.Paste B.Mask)
      (net 38 "Net-(U3-Pad41)"))
    (pad 42 smd rect (at 0.25 4.35 180) (size 1.3 0.25) (layers B.Cu B.Paste B.Mask)
      (net 39 "Net-(U3-Pad42)"))
    (pad 43 smd rect (at -0.25 4.35 180) (size 1.3 0.25) (layers B.Cu B.Paste B.Mask)
      (net 41 /CAN_EN))
    (pad 44 smd rect (at -0.75 4.35 180) (size 1.3 0.25) (layers B.Cu B.Paste B.Mask)
      (net 54 "Net-(R5-Pad1)"))
    (pad 45 smd rect (at -1.25 4.35 180) (size 1.3 0.25) (layers B.Cu B.Paste B.Mask)
      (net 18 /CAN_RX))
    (pad 46 smd rect (at -1.75 4.35 180) (size 1.3 0.25) (layers B.Cu B.Paste B.Mask)
      (net 19 /CAN_TX))
    (pad 47 smd rect (at -2.25 4.35 180) (size 1.3 0.25) (layers B.Cu B.Paste B.Mask)
      (net 2 GND))
    (pad 48 smd rect (at -2.75 4.35 180) (size 1.3 0.25) (layers B.Cu B.Paste B.Mask)
      (net 5 +3V3))
    (model Housings_QFP.3dshapes/TQFP-48_7x7mm_Pitch0.5mm.wrl
      (at (xyz 0 0 0))
      (scale (xyz 1 1 1))
      (rotate (xyz 0 0 0))
    )
  )

  (module Mounting_Holes:MountingHole_3.2mm_M3_ISO7380_Pad (layer F.Cu) (tedit 59F29077) (tstamp 59F28C86)
    (at 160.02 117.475)
    (descr "Mounting Hole 3.2mm, M3, ISO7380")
    (tags "mounting hole 3.2mm m3 iso7380")
    (path /59463F3F)
    (attr virtual)
    (fp_text reference J4 (at 0 -3.85) (layer F.SilkS) hide
      (effects (font (size 1 1) (thickness 0.15)))
    )
    (fp_text value TEST_1P (at 0 3.85) (layer F.Fab)
      (effects (font (size 1 1) (thickness 0.15)))
    )
    (fp_text user %R (at 0.3 0) (layer F.Fab)
      (effects (font (size 1 1) (thickness 0.15)))
    )
    (fp_circle (center 0 0) (end 2.85 0) (layer Cmts.User) (width 0.15))
    (fp_circle (center 0 0) (end 3.1 0) (layer F.CrtYd) (width 0.05))
    (pad 1 thru_hole circle (at 0 0) (size 4.318 4.318) (drill 3.048) (layers *.Cu *.Mask)
      (net 47 "Net-(J4-Pad1)"))
  )

  (module Mounting_Holes:MountingHole_3.2mm_M3_ISO7380_Pad (layer F.Cu) (tedit 59F29080) (tstamp 59F28C46)
    (at 160.02 97.155)
    (descr "Mounting Hole 3.2mm, M3, ISO7380")
    (tags "mounting hole 3.2mm m3 iso7380")
    (path /59463E98)
    (attr virtual)
    (fp_text reference J3 (at 0 -3.85) (layer F.SilkS) hide
      (effects (font (size 1 1) (thickness 0.15)))
    )
    (fp_text value TEST_1P (at 0 3.85) (layer F.Fab)
      (effects (font (size 1 1) (thickness 0.15)))
    )
    (fp_text user %R (at 0.3 0) (layer F.Fab)
      (effects (font (size 1 1) (thickness 0.15)))
    )
    (fp_circle (center 0 0) (end 2.85 0) (layer Cmts.User) (width 0.15))
    (fp_circle (center 0 0) (end 3.1 0) (layer F.CrtYd) (width 0.05))
    (pad 1 thru_hole circle (at 0 0) (size 4.318 4.318) (drill 3.048) (layers *.Cu *.Mask)
      (net 46 "Net-(J3-Pad1)"))
  )

  (module Mounting_Holes:MountingHole_3.2mm_M3_ISO7380_Pad (layer F.Cu) (tedit 59F28C2E) (tstamp 59F28B49)
    (at 111.76 97.155)
    (descr "Mounting Hole 3.2mm, M3, ISO7380")
    (tags "mounting hole 3.2mm m3 iso7380")
    (path /59463E13)
    (attr virtual)
    (fp_text reference J2 (at 0 -3.85) (layer F.SilkS) hide
      (effects (font (size 1 1) (thickness 0.15)))
    )
    (fp_text value TEST_1P (at 0 3.85) (layer F.Fab)
      (effects (font (size 1 1) (thickness 0.15)))
    )
    (fp_text user %R (at 0.3 0) (layer F.Fab)
      (effects (font (size 1 1) (thickness 0.15)))
    )
    (fp_circle (center 0 0) (end 2.85 0) (layer Cmts.User) (width 0.15))
    (fp_circle (center 0 0) (end 3.1 0) (layer F.CrtYd) (width 0.05))
    (pad 1 thru_hole circle (at 0 0) (size 4.318 4.318) (drill 3.048) (layers *.Cu *.Mask)
      (net 45 "Net-(J2-Pad1)"))
  )

  (module User_Connectors:Molex-duraClick-4conn (layer F.Cu) (tedit 5817D7BA) (tstamp 57F4C230)
    (at 153.34234 107.456986 90)
    (path /57A40F83)
    (fp_text reference P7 (at 0 2.7502 90) (layer F.SilkS) hide
      (effects (font (size 1.2 1.2) (thickness 0.15)))
    )
    (fp_text value CAN_OUT (at 0 4.1002 90) (layer F.Fab)
      (effects (font (size 1.2 1.2) (thickness 0.15)))
    )
    (fp_line (start -3 -2) (end -2.5 -2.5) (layer F.SilkS) (width 0.15))
    (fp_line (start -3.5 -2.5) (end -3 -2) (layer F.SilkS) (width 0.15))
    (fp_line (start -7 1.5) (end -7 9.25) (layer F.SilkS) (width 0.15))
    (fp_line (start -5.75 -0.5) (end -7 1.5) (layer F.SilkS) (width 0.15))
    (fp_line (start -5.75 -1.8) (end -5.75 -0.5) (layer F.SilkS) (width 0.15))
    (fp_line (start 5.75 -1.8) (end -5.75 -1.8) (layer F.SilkS) (width 0.15))
    (fp_line (start 5.75 -0.5) (end 5.75 -1.8) (layer F.SilkS) (width 0.15))
    (fp_line (start 7 1.5) (end 5.75 -0.5) (layer F.SilkS) (width 0.15))
    (fp_line (start 7 9.25) (end 7 1.5) (layer F.SilkS) (width 0.15))
    (fp_line (start -7 9.25) (end 7 9.25) (layer F.SilkS) (width 0.15))
    (pad 1 smd rect (at -2.999994 0 90) (size 1.2065 3.2004) (layers F.Cu F.Paste F.Mask)
      (net 2 GND))
    (pad 2 smd rect (at -0.999998 0 90) (size 1.2065 3.2004) (layers F.Cu F.Paste F.Mask)
      (net 13 /CAN_L))
    (pad 3 smd rect (at 0.999998 0 90) (size 1.2065 3.2004) (layers F.Cu F.Paste F.Mask)
      (net 14 /CAN_H))
    (pad 4 smd rect (at 2.999994 0 90) (size 1.2065 3.2004) (layers F.Cu F.Paste F.Mask)
      (net 7 /Vin))
    (pad 0 smd rect (at -5.700014 6.16966 90) (size 1.700022 5.299964) (layers F.Cu F.Paste F.Mask))
    (pad 0 smd rect (at 5.700014 6.16966 90) (size 1.700022 5.299964) (layers F.Cu F.Paste F.Mask))
    (model ${USERPATH}/parts_library/3d_models/4_pin_duraclik.wrl
      (at (xyz 0 -0.175 0.12))
      (scale (xyz 0.396 0.396 0.396))
      (rotate (xyz 0 0 180))
    )
  )

  (module Capacitors_SMD:C_0603_HandSoldering (layer F.Cu) (tedit 541A9B4D) (tstamp 57F4C04E)
    (at 117.348 117.348 180)
    (descr "Capacitor SMD 0603, hand soldering")
    (tags "capacitor 0603")
    (path /57A40F8A)
    (attr smd)
    (fp_text reference C1 (at 2.54 -1.524 180) (layer F.SilkS)
      (effects (font (size 1 1) (thickness 0.15)))
    )
    (fp_text value 10uf (at 0 1.9 180) (layer F.Fab)
      (effects (font (size 1 1) (thickness 0.15)))
    )
    (fp_line (start -1.85 -0.75) (end 1.85 -0.75) (layer F.CrtYd) (width 0.05))
    (fp_line (start -1.85 0.75) (end 1.85 0.75) (layer F.CrtYd) (width 0.05))
    (fp_line (start -1.85 -0.75) (end -1.85 0.75) (layer F.CrtYd) (width 0.05))
    (fp_line (start 1.85 -0.75) (end 1.85 0.75) (layer F.CrtYd) (width 0.05))
    (fp_line (start -0.35 -0.6) (end 0.35 -0.6) (layer F.SilkS) (width 0.15))
    (fp_line (start 0.35 0.6) (end -0.35 0.6) (layer F.SilkS) (width 0.15))
    (pad 1 smd rect (at -0.95 0 180) (size 1.2 0.75) (layers F.Cu F.Paste F.Mask)
      (net 1 VDD))
    (pad 2 smd rect (at 0.95 0 180) (size 1.2 0.75) (layers F.Cu F.Paste F.Mask)
      (net 2 GND))
    (model Capacitors_SMD.3dshapes/C_0603.wrl
      (at (xyz 0 0 0))
      (scale (xyz 1 1 1))
      (rotate (xyz 0 0 0))
    )
  )

  (module Capacitors_SMD:C_0603_HandSoldering (layer F.Cu) (tedit 541A9B4D) (tstamp 57F4C05A)
    (at 117.348 115.824 180)
    (descr "Capacitor SMD 0603, hand soldering")
    (tags "capacitor 0603")
    (path /57A40F8E)
    (attr smd)
    (fp_text reference C2 (at 2.54 0.508 180) (layer F.SilkS)
      (effects (font (size 1 1) (thickness 0.15)))
    )
    (fp_text value 0.1uf (at 0 1.9 180) (layer F.Fab)
      (effects (font (size 1 1) (thickness 0.15)))
    )
    (fp_line (start -1.85 -0.75) (end 1.85 -0.75) (layer F.CrtYd) (width 0.05))
    (fp_line (start -1.85 0.75) (end 1.85 0.75) (layer F.CrtYd) (width 0.05))
    (fp_line (start -1.85 -0.75) (end -1.85 0.75) (layer F.CrtYd) (width 0.05))
    (fp_line (start 1.85 -0.75) (end 1.85 0.75) (layer F.CrtYd) (width 0.05))
    (fp_line (start -0.35 -0.6) (end 0.35 -0.6) (layer F.SilkS) (width 0.15))
    (fp_line (start 0.35 0.6) (end -0.35 0.6) (layer F.SilkS) (width 0.15))
    (pad 1 smd rect (at -0.95 0 180) (size 1.2 0.75) (layers F.Cu F.Paste F.Mask)
      (net 1 VDD))
    (pad 2 smd rect (at 0.95 0 180) (size 1.2 0.75) (layers F.Cu F.Paste F.Mask)
      (net 2 GND))
    (model Capacitors_SMD.3dshapes/C_0603.wrl
      (at (xyz 0 0 0))
      (scale (xyz 1 1 1))
      (rotate (xyz 0 0 0))
    )
  )

  (module Capacitors_SMD:C_0603_HandSoldering (layer B.Cu) (tedit 541A9B4D) (tstamp 57F4C066)
    (at 118.364 113.411 270)
    (descr "Capacitor SMD 0603, hand soldering")
    (tags "capacitor 0603")
    (path /57A40F89)
    (attr smd)
    (fp_text reference C3 (at 1.397 1.9 360) (layer B.SilkS)
      (effects (font (size 1 1) (thickness 0.15)) (justify mirror))
    )
    (fp_text value 10uf (at 0 -1.9 270) (layer B.Fab)
      (effects (font (size 1 1) (thickness 0.15)) (justify mirror))
    )
    (fp_line (start -1.85 0.75) (end 1.85 0.75) (layer B.CrtYd) (width 0.05))
    (fp_line (start -1.85 -0.75) (end 1.85 -0.75) (layer B.CrtYd) (width 0.05))
    (fp_line (start -1.85 0.75) (end -1.85 -0.75) (layer B.CrtYd) (width 0.05))
    (fp_line (start 1.85 0.75) (end 1.85 -0.75) (layer B.CrtYd) (width 0.05))
    (fp_line (start -0.35 0.6) (end 0.35 0.6) (layer B.SilkS) (width 0.15))
    (fp_line (start 0.35 -0.6) (end -0.35 -0.6) (layer B.SilkS) (width 0.15))
    (pad 1 smd rect (at -0.95 0 270) (size 1.2 0.75) (layers B.Cu B.Paste B.Mask)
      (net 3 "Net-(C3-Pad1)"))
    (pad 2 smd rect (at 0.95 0 270) (size 1.2 0.75) (layers B.Cu B.Paste B.Mask)
      (net 2 GND))
    (model Capacitors_SMD.3dshapes/C_0603.wrl
      (at (xyz 0 0 0))
      (scale (xyz 1 1 1))
      (rotate (xyz 0 0 0))
    )
  )

  (module Capacitors_SMD:C_0603_HandSoldering (layer B.Cu) (tedit 541A9B4D) (tstamp 57F4C072)
    (at 121.6 110.871 180)
    (descr "Capacitor SMD 0603, hand soldering")
    (tags "capacitor 0603")
    (path /57A40FAD)
    (attr smd)
    (fp_text reference C4 (at 2.982 0 180) (layer B.SilkS)
      (effects (font (size 1 1) (thickness 0.15)) (justify mirror))
    )
    (fp_text value 0.1uf (at 0 -1.9 180) (layer B.Fab)
      (effects (font (size 1 1) (thickness 0.15)) (justify mirror))
    )
    (fp_line (start -1.85 0.75) (end 1.85 0.75) (layer B.CrtYd) (width 0.05))
    (fp_line (start -1.85 -0.75) (end 1.85 -0.75) (layer B.CrtYd) (width 0.05))
    (fp_line (start -1.85 0.75) (end -1.85 -0.75) (layer B.CrtYd) (width 0.05))
    (fp_line (start 1.85 0.75) (end 1.85 -0.75) (layer B.CrtYd) (width 0.05))
    (fp_line (start -0.35 0.6) (end 0.35 0.6) (layer B.SilkS) (width 0.15))
    (fp_line (start 0.35 -0.6) (end -0.35 -0.6) (layer B.SilkS) (width 0.15))
    (pad 1 smd rect (at -0.95 0 180) (size 1.2 0.75) (layers B.Cu B.Paste B.Mask)
      (net 4 +5V))
    (pad 2 smd rect (at 0.95 0 180) (size 1.2 0.75) (layers B.Cu B.Paste B.Mask)
      (net 2 GND))
    (model Capacitors_SMD.3dshapes/C_0603.wrl
      (at (xyz 0 0 0))
      (scale (xyz 1 1 1))
      (rotate (xyz 0 0 0))
    )
  )

  (module Capacitors_SMD:C_0603_HandSoldering (layer B.Cu) (tedit 541A9B4D) (tstamp 57F4C07E)
    (at 121.6 109.347 180)
    (descr "Capacitor SMD 0603, hand soldering")
    (tags "capacitor 0603")
    (path /57A40F8F)
    (attr smd)
    (fp_text reference C5 (at 2.982 0 180) (layer B.SilkS)
      (effects (font (size 1 1) (thickness 0.15)) (justify mirror))
    )
    (fp_text value 1uf (at 0 -1.9 180) (layer B.Fab)
      (effects (font (size 1 1) (thickness 0.15)) (justify mirror))
    )
    (fp_line (start -1.85 0.75) (end 1.85 0.75) (layer B.CrtYd) (width 0.05))
    (fp_line (start -1.85 -0.75) (end 1.85 -0.75) (layer B.CrtYd) (width 0.05))
    (fp_line (start -1.85 0.75) (end -1.85 -0.75) (layer B.CrtYd) (width 0.05))
    (fp_line (start 1.85 0.75) (end 1.85 -0.75) (layer B.CrtYd) (width 0.05))
    (fp_line (start -0.35 0.6) (end 0.35 0.6) (layer B.SilkS) (width 0.15))
    (fp_line (start 0.35 -0.6) (end -0.35 -0.6) (layer B.SilkS) (width 0.15))
    (pad 1 smd rect (at -0.95 0 180) (size 1.2 0.75) (layers B.Cu B.Paste B.Mask)
      (net 4 +5V))
    (pad 2 smd rect (at 0.95 0 180) (size 1.2 0.75) (layers B.Cu B.Paste B.Mask)
      (net 2 GND))
    (model Capacitors_SMD.3dshapes/C_0603.wrl
      (at (xyz 0 0 0))
      (scale (xyz 1 1 1))
      (rotate (xyz 0 0 0))
    )
  )

  (module Capacitors_SMD:C_0603_HandSoldering (layer B.Cu) (tedit 541A9B4D) (tstamp 57F4C08A)
    (at 121.6 107.823 180)
    (descr "Capacitor SMD 0603, hand soldering")
    (tags "capacitor 0603")
    (path /57A40F6B)
    (attr smd)
    (fp_text reference C6 (at 2.982 0 180) (layer B.SilkS)
      (effects (font (size 1 1) (thickness 0.15)) (justify mirror))
    )
    (fp_text value 0.1uf (at 0 -1.9 180) (layer B.Fab)
      (effects (font (size 1 1) (thickness 0.15)) (justify mirror))
    )
    (fp_line (start -1.85 0.75) (end 1.85 0.75) (layer B.CrtYd) (width 0.05))
    (fp_line (start -1.85 -0.75) (end 1.85 -0.75) (layer B.CrtYd) (width 0.05))
    (fp_line (start -1.85 0.75) (end -1.85 -0.75) (layer B.CrtYd) (width 0.05))
    (fp_line (start 1.85 0.75) (end 1.85 -0.75) (layer B.CrtYd) (width 0.05))
    (fp_line (start -0.35 0.6) (end 0.35 0.6) (layer B.SilkS) (width 0.15))
    (fp_line (start 0.35 -0.6) (end -0.35 -0.6) (layer B.SilkS) (width 0.15))
    (pad 1 smd rect (at -0.95 0 180) (size 1.2 0.75) (layers B.Cu B.Paste B.Mask)
      (net 4 +5V))
    (pad 2 smd rect (at 0.95 0 180) (size 1.2 0.75) (layers B.Cu B.Paste B.Mask)
      (net 2 GND))
    (model Capacitors_SMD.3dshapes/C_0603.wrl
      (at (xyz 0 0 0))
      (scale (xyz 1 1 1))
      (rotate (xyz 0 0 0))
    )
  )

  (module Capacitors_SMD:C_0603_HandSoldering (layer B.Cu) (tedit 541A9B4D) (tstamp 57F4C096)
    (at 125.41 109.347 180)
    (descr "Capacitor SMD 0603, hand soldering")
    (tags "capacitor 0603")
    (path /57A40F6A)
    (attr smd)
    (fp_text reference C7 (at -2.86 0 180) (layer B.SilkS)
      (effects (font (size 1 1) (thickness 0.15)) (justify mirror))
    )
    (fp_text value 10uf (at 0 -1.9 180) (layer B.Fab)
      (effects (font (size 1 1) (thickness 0.15)) (justify mirror))
    )
    (fp_line (start -1.85 0.75) (end 1.85 0.75) (layer B.CrtYd) (width 0.05))
    (fp_line (start -1.85 -0.75) (end 1.85 -0.75) (layer B.CrtYd) (width 0.05))
    (fp_line (start -1.85 0.75) (end -1.85 -0.75) (layer B.CrtYd) (width 0.05))
    (fp_line (start 1.85 0.75) (end 1.85 -0.75) (layer B.CrtYd) (width 0.05))
    (fp_line (start -0.35 0.6) (end 0.35 0.6) (layer B.SilkS) (width 0.15))
    (fp_line (start 0.35 -0.6) (end -0.35 -0.6) (layer B.SilkS) (width 0.15))
    (pad 1 smd rect (at -0.95 0 180) (size 1.2 0.75) (layers B.Cu B.Paste B.Mask)
      (net 5 +3V3))
    (pad 2 smd rect (at 0.95 0 180) (size 1.2 0.75) (layers B.Cu B.Paste B.Mask)
      (net 2 GND))
    (model Capacitors_SMD.3dshapes/C_0603.wrl
      (at (xyz 0 0 0))
      (scale (xyz 1 1 1))
      (rotate (xyz 0 0 0))
    )
  )

  (module Capacitors_SMD:C_0603_HandSoldering (layer F.Cu) (tedit 541A9B4D) (tstamp 57F4C0A2)
    (at 120.97 97.155 180)
    (descr "Capacitor SMD 0603, hand soldering")
    (tags "capacitor 0603")
    (path /57A40FA7)
    (attr smd)
    (fp_text reference C8 (at 3.114 0 180) (layer F.SilkS)
      (effects (font (size 1 1) (thickness 0.15)))
    )
    (fp_text value 0.1uf (at 0 1.9 180) (layer F.Fab)
      (effects (font (size 1 1) (thickness 0.15)))
    )
    (fp_line (start -1.85 -0.75) (end 1.85 -0.75) (layer F.CrtYd) (width 0.05))
    (fp_line (start -1.85 0.75) (end 1.85 0.75) (layer F.CrtYd) (width 0.05))
    (fp_line (start -1.85 -0.75) (end -1.85 0.75) (layer F.CrtYd) (width 0.05))
    (fp_line (start 1.85 -0.75) (end 1.85 0.75) (layer F.CrtYd) (width 0.05))
    (fp_line (start -0.35 -0.6) (end 0.35 -0.6) (layer F.SilkS) (width 0.15))
    (fp_line (start 0.35 0.6) (end -0.35 0.6) (layer F.SilkS) (width 0.15))
    (pad 1 smd rect (at -0.95 0 180) (size 1.2 0.75) (layers F.Cu F.Paste F.Mask)
      (net 6 /NRST))
    (pad 2 smd rect (at 0.95 0 180) (size 1.2 0.75) (layers F.Cu F.Paste F.Mask)
      (net 2 GND))
    (model Capacitors_SMD.3dshapes/C_0603.wrl
      (at (xyz 0 0 0))
      (scale (xyz 1 1 1))
      (rotate (xyz 0 0 0))
    )
  )

  (module Capacitors_SMD:C_0603_HandSoldering (layer B.Cu) (tedit 541A9B4D) (tstamp 57F4C0AE)
    (at 125.415 110.871 180)
    (descr "Capacitor SMD 0603, hand soldering")
    (tags "capacitor 0603")
    (path /57A40F75)
    (attr smd)
    (fp_text reference C9 (at -2.855 0 180) (layer B.SilkS)
      (effects (font (size 1 1) (thickness 0.15)) (justify mirror))
    )
    (fp_text value 0.1uf (at 0 -1.9 180) (layer B.Fab)
      (effects (font (size 1 1) (thickness 0.15)) (justify mirror))
    )
    (fp_line (start -1.85 0.75) (end 1.85 0.75) (layer B.CrtYd) (width 0.05))
    (fp_line (start -1.85 -0.75) (end 1.85 -0.75) (layer B.CrtYd) (width 0.05))
    (fp_line (start -1.85 0.75) (end -1.85 -0.75) (layer B.CrtYd) (width 0.05))
    (fp_line (start 1.85 0.75) (end 1.85 -0.75) (layer B.CrtYd) (width 0.05))
    (fp_line (start -0.35 0.6) (end 0.35 0.6) (layer B.SilkS) (width 0.15))
    (fp_line (start 0.35 -0.6) (end -0.35 -0.6) (layer B.SilkS) (width 0.15))
    (pad 1 smd rect (at -0.95 0 180) (size 1.2 0.75) (layers B.Cu B.Paste B.Mask)
      (net 5 +3V3))
    (pad 2 smd rect (at 0.95 0 180) (size 1.2 0.75) (layers B.Cu B.Paste B.Mask)
      (net 2 GND))
    (model Capacitors_SMD.3dshapes/C_0603.wrl
      (at (xyz 0 0 0))
      (scale (xyz 1 1 1))
      (rotate (xyz 0 0 0))
    )
  )

  (module Capacitors_SMD:C_0603_HandSoldering (layer B.Cu) (tedit 541A9B4D) (tstamp 57F4C0BA)
    (at 137.668 101.473)
    (descr "Capacitor SMD 0603, hand soldering")
    (tags "capacitor 0603")
    (path /57A40F79)
    (attr smd)
    (fp_text reference C10 (at -3.556 0.127) (layer B.SilkS)
      (effects (font (size 1 1) (thickness 0.15)) (justify mirror))
    )
    (fp_text value 0.1uf (at 0 -1.9) (layer B.Fab)
      (effects (font (size 1 1) (thickness 0.15)) (justify mirror))
    )
    (fp_line (start -1.85 0.75) (end 1.85 0.75) (layer B.CrtYd) (width 0.05))
    (fp_line (start -1.85 -0.75) (end 1.85 -0.75) (layer B.CrtYd) (width 0.05))
    (fp_line (start -1.85 0.75) (end -1.85 -0.75) (layer B.CrtYd) (width 0.05))
    (fp_line (start 1.85 0.75) (end 1.85 -0.75) (layer B.CrtYd) (width 0.05))
    (fp_line (start -0.35 0.6) (end 0.35 0.6) (layer B.SilkS) (width 0.15))
    (fp_line (start 0.35 -0.6) (end -0.35 -0.6) (layer B.SilkS) (width 0.15))
    (pad 1 smd rect (at -0.95 0) (size 1.2 0.75) (layers B.Cu B.Paste B.Mask)
      (net 4 +5V))
    (pad 2 smd rect (at 0.95 0) (size 1.2 0.75) (layers B.Cu B.Paste B.Mask)
      (net 2 GND))
    (model Capacitors_SMD.3dshapes/C_0603.wrl
      (at (xyz 0 0 0))
      (scale (xyz 1 1 1))
      (rotate (xyz 0 0 0))
    )
  )

  (module Capacitors_SMD:C_0603_HandSoldering (layer F.Cu) (tedit 58011A6E) (tstamp 57F4C0C6)
    (at 153.604 117.475)
    (descr "Capacitor SMD 0603, hand soldering")
    (tags "capacitor 0603")
    (path /57AB01E8)
    (attr smd)
    (fp_text reference C11 (at 2.86 0) (layer F.SilkS)
      (effects (font (size 0.762 0.762) (thickness 0.127)))
    )
    (fp_text value 1uf (at 0 1.9) (layer F.Fab)
      (effects (font (size 1 1) (thickness 0.15)))
    )
    (fp_line (start -1.85 -0.75) (end 1.85 -0.75) (layer F.CrtYd) (width 0.05))
    (fp_line (start -1.85 0.75) (end 1.85 0.75) (layer F.CrtYd) (width 0.05))
    (fp_line (start -1.85 -0.75) (end -1.85 0.75) (layer F.CrtYd) (width 0.05))
    (fp_line (start 1.85 -0.75) (end 1.85 0.75) (layer F.CrtYd) (width 0.05))
    (fp_line (start -0.35 -0.6) (end 0.35 -0.6) (layer F.SilkS) (width 0.15))
    (fp_line (start 0.35 0.6) (end -0.35 0.6) (layer F.SilkS) (width 0.15))
    (pad 1 smd rect (at -0.95 0) (size 1.2 0.75) (layers F.Cu F.Paste F.Mask)
      (net 5 +3V3))
    (pad 2 smd rect (at 0.95 0) (size 1.2 0.75) (layers F.Cu F.Paste F.Mask)
      (net 2 GND))
    (model Capacitors_SMD.3dshapes/C_0603.wrl
      (at (xyz 0 0 0))
      (scale (xyz 1 1 1))
      (rotate (xyz 0 0 0))
    )
  )

  (module Capacitors_SMD:C_0603_HandSoldering (layer F.Cu) (tedit 58011A65) (tstamp 57F4C0D2)
    (at 153.604 115.951)
    (descr "Capacitor SMD 0603, hand soldering")
    (tags "capacitor 0603")
    (path /57AB01EF)
    (attr smd)
    (fp_text reference C12 (at 2.86 0) (layer F.SilkS)
      (effects (font (size 0.762 0.762) (thickness 0.127)))
    )
    (fp_text value 0.1uf (at 0 1.9) (layer F.Fab)
      (effects (font (size 1 1) (thickness 0.15)))
    )
    (fp_line (start -1.85 -0.75) (end 1.85 -0.75) (layer F.CrtYd) (width 0.05))
    (fp_line (start -1.85 0.75) (end 1.85 0.75) (layer F.CrtYd) (width 0.05))
    (fp_line (start -1.85 -0.75) (end -1.85 0.75) (layer F.CrtYd) (width 0.05))
    (fp_line (start 1.85 -0.75) (end 1.85 0.75) (layer F.CrtYd) (width 0.05))
    (fp_line (start -0.35 -0.6) (end 0.35 -0.6) (layer F.SilkS) (width 0.15))
    (fp_line (start 0.35 0.6) (end -0.35 0.6) (layer F.SilkS) (width 0.15))
    (pad 1 smd rect (at -0.95 0) (size 1.2 0.75) (layers F.Cu F.Paste F.Mask)
      (net 5 +3V3))
    (pad 2 smd rect (at 0.95 0) (size 1.2 0.75) (layers F.Cu F.Paste F.Mask)
      (net 2 GND))
    (model Capacitors_SMD.3dshapes/C_0603.wrl
      (at (xyz 0 0 0))
      (scale (xyz 1 1 1))
      (rotate (xyz 0 0 0))
    )
  )

  (module Capacitors_SMD:C_0603_HandSoldering (layer B.Cu) (tedit 541A9B4D) (tstamp 57F4C0DE)
    (at 149.418 100.457 180)
    (descr "Capacitor SMD 0603, hand soldering")
    (tags "capacitor 0603")
    (path /57AAFFAA)
    (attr smd)
    (fp_text reference C13 (at -3.49 0 180) (layer B.SilkS)
      (effects (font (size 1 1) (thickness 0.15)) (justify mirror))
    )
    (fp_text value 1uf (at 0 -1.9 180) (layer B.Fab)
      (effects (font (size 1 1) (thickness 0.15)) (justify mirror))
    )
    (fp_line (start -1.85 0.75) (end 1.85 0.75) (layer B.CrtYd) (width 0.05))
    (fp_line (start -1.85 -0.75) (end 1.85 -0.75) (layer B.CrtYd) (width 0.05))
    (fp_line (start -1.85 0.75) (end -1.85 -0.75) (layer B.CrtYd) (width 0.05))
    (fp_line (start 1.85 0.75) (end 1.85 -0.75) (layer B.CrtYd) (width 0.05))
    (fp_line (start -0.35 0.6) (end 0.35 0.6) (layer B.SilkS) (width 0.15))
    (fp_line (start 0.35 -0.6) (end -0.35 -0.6) (layer B.SilkS) (width 0.15))
    (pad 1 smd rect (at -0.95 0 180) (size 1.2 0.75) (layers B.Cu B.Paste B.Mask)
      (net 5 +3V3))
    (pad 2 smd rect (at 0.95 0 180) (size 1.2 0.75) (layers B.Cu B.Paste B.Mask)
      (net 2 GND))
    (model Capacitors_SMD.3dshapes/C_0603.wrl
      (at (xyz 0 0 0))
      (scale (xyz 1 1 1))
      (rotate (xyz 0 0 0))
    )
  )

  (module Capacitors_SMD:C_0603_HandSoldering (layer B.Cu) (tedit 541A9B4D) (tstamp 57F4C0EA)
    (at 149.418 101.981 180)
    (descr "Capacitor SMD 0603, hand soldering")
    (tags "capacitor 0603")
    (path /57AAFFB1)
    (attr smd)
    (fp_text reference C14 (at -3.49 0 180) (layer B.SilkS)
      (effects (font (size 1 1) (thickness 0.15)) (justify mirror))
    )
    (fp_text value 0.1uf (at 0 -1.9 180) (layer B.Fab)
      (effects (font (size 1 1) (thickness 0.15)) (justify mirror))
    )
    (fp_line (start -1.85 0.75) (end 1.85 0.75) (layer B.CrtYd) (width 0.05))
    (fp_line (start -1.85 -0.75) (end 1.85 -0.75) (layer B.CrtYd) (width 0.05))
    (fp_line (start -1.85 0.75) (end -1.85 -0.75) (layer B.CrtYd) (width 0.05))
    (fp_line (start 1.85 0.75) (end 1.85 -0.75) (layer B.CrtYd) (width 0.05))
    (fp_line (start -0.35 0.6) (end 0.35 0.6) (layer B.SilkS) (width 0.15))
    (fp_line (start 0.35 -0.6) (end -0.35 -0.6) (layer B.SilkS) (width 0.15))
    (pad 1 smd rect (at -0.95 0 180) (size 1.2 0.75) (layers B.Cu B.Paste B.Mask)
      (net 5 +3V3))
    (pad 2 smd rect (at 0.95 0 180) (size 1.2 0.75) (layers B.Cu B.Paste B.Mask)
      (net 2 GND))
    (model Capacitors_SMD.3dshapes/C_0603.wrl
      (at (xyz 0 0 0))
      (scale (xyz 1 1 1))
      (rotate (xyz 0 0 0))
    )
  )

  (module Capacitors_SMD:C_0603_HandSoldering (layer B.Cu) (tedit 541A9B4D) (tstamp 57F4C0F6)
    (at 145.669 115.7605 270)
    (descr "Capacitor SMD 0603, hand soldering")
    (tags "capacitor 0603")
    (path /57A40F71)
    (attr smd)
    (fp_text reference C15 (at 1.209 2.286 360) (layer B.SilkS)
      (effects (font (size 1 1) (thickness 0.15)) (justify mirror))
    )
    (fp_text value 1uf (at 0 -1.9 270) (layer B.Fab)
      (effects (font (size 1 1) (thickness 0.15)) (justify mirror))
    )
    (fp_line (start -1.85 0.75) (end 1.85 0.75) (layer B.CrtYd) (width 0.05))
    (fp_line (start -1.85 -0.75) (end 1.85 -0.75) (layer B.CrtYd) (width 0.05))
    (fp_line (start -1.85 0.75) (end -1.85 -0.75) (layer B.CrtYd) (width 0.05))
    (fp_line (start 1.85 0.75) (end 1.85 -0.75) (layer B.CrtYd) (width 0.05))
    (fp_line (start -0.35 0.6) (end 0.35 0.6) (layer B.SilkS) (width 0.15))
    (fp_line (start 0.35 -0.6) (end -0.35 -0.6) (layer B.SilkS) (width 0.15))
    (pad 1 smd rect (at -0.95 0 270) (size 1.2 0.75) (layers B.Cu B.Paste B.Mask)
      (net 5 +3V3))
    (pad 2 smd rect (at 0.95 0 270) (size 1.2 0.75) (layers B.Cu B.Paste B.Mask)
      (net 2 GND))
    (model Capacitors_SMD.3dshapes/C_0603.wrl
      (at (xyz 0 0 0))
      (scale (xyz 1 1 1))
      (rotate (xyz 0 0 0))
    )
  )

  (module Capacitors_SMD:C_0603_HandSoldering (layer B.Cu) (tedit 541A9B4D) (tstamp 57F4C102)
    (at 147.0025 115.824 270)
    (descr "Capacitor SMD 0603, hand soldering")
    (tags "capacitor 0603")
    (path /57A40F72)
    (attr smd)
    (fp_text reference C16 (at 1.209 -2.286 360) (layer B.SilkS)
      (effects (font (size 1 1) (thickness 0.15)) (justify mirror))
    )
    (fp_text value 0.1uf (at 0 -1.9 270) (layer B.Fab)
      (effects (font (size 1 1) (thickness 0.15)) (justify mirror))
    )
    (fp_line (start -1.85 0.75) (end 1.85 0.75) (layer B.CrtYd) (width 0.05))
    (fp_line (start -1.85 -0.75) (end 1.85 -0.75) (layer B.CrtYd) (width 0.05))
